🗓️ 星期 0 分佈：
hour
0     0.034374
1     0.035821
2     0.033267
3     0.029826
4     0.030422
5     0.029328
6     0.030568
7     0.031018
8     0.034228
9     0.034897
10    0.039383
11    0.044308
12    0.048527
13    0.052308
14    0.054327
15    0.052479
16    0.052904
17    0.051834
18    0.051251
19    0.051226
20    0.046667
21    0.044806
22    0.045767
23    0.040465
Name: count, dtype: float64

🗓️ 星期 1 分佈：
hour
0     0.031852
1     0.051947
2     0.040558
3     0.031547
4     0.030098
5     0.028128
6     0.030365
7     0.033987
8     0.036288
9     0.035017
10    0.037304
11    0.040800
12    0.045426
13    0.051413
14    0.054679
15    0.053332
16    0.054069
17    0.052468
18    0.050154
19    0.051184
20    0.046735
21    0.042757
22    0.037368
23    0.032525
Name: count, dtype: float64

🗓️ 星期 2 分佈：
hour
0     0.033758
1     0.059154
2     0.049186
3     0.038675
4     0.032704
5     0.032060
6     0.035012
7     0.033984
8     0.032721
9     0.034201
10    0.036994
11    0.043224
12    0.045114
13    0.049546
14    0.051962
15    0.053049
16    0.052765
17    0.052773
18    0.047321
19    0.042814
20    0.041827
21    0.038733
22    0.032336
23    0.030087
Name: count, dtype: float64

🗓️ 星期 3 分佈：
hour
0     0.034489
1     0.036586
2     0.040007
3     0.034962
4     0.032341
5     0.032195
6     0.034996
7     0.033295
8     0.033828
9     0.035065
10    0.037076
11    0.041760
12    0.045241
13    0.049624
14    0.049804
15    0.051343
16    0.054910
17    0.051326
18    0.049452
19    0.048704
20    0.046384
21    0.047278
22    0.042035
23    0.037300
Name: count, dtype: float64

🗓️ 星期 4 分佈：
hour
0     0.037317
1     0.067351
2     0.050026
3     0.039525
4     0.030966
5     0.031769
6     0.034133
7     0.030966
8     0.034280
9     0.034305
10    0.036592
11    0.040414
12    0.043141
13    0.045772
14    0.048007
15    0.046808
16    0.041639
17    0.046523
18    0.045815
19    0.051950
20    0.046566
21    0.041605
22    0.038680
23    0.035850
Name: count, dtype: float64

🗓️ 星期 5 分佈：
hour
0     0.035816
1     0.051431
2     0.034109
3     0.029641
4     0.027675
5     0.028832
6     0.031781
7     0.031145
8     0.031348
9     0.031680
10    0.032490
11    0.037623
12    0.042915
13    0.046342
14    0.045127
15    0.055147
16    0.053962
17    0.054728
18    0.057649
19    0.057765
20    0.054323
21    0.047730
22    0.041324
23    0.039416
Name: count, dtype: float64

🗓️ 星期 6 分佈：
hour
0     0.037462
1     0.035514
2     0.032036
3     0.029398
4     0.029408
5     0.030867
6     0.033325
7     0.035194
8     0.036763
9     0.034504
10    0.033735
11    0.038521
12    0.044737
13    0.049064
14    0.052691
15    0.054390
16    0.054000
17    0.054829
18    0.052511
19    0.050533
20    0.048124
21    0.045376
22    0.047685
23    0.039331
Name: count, dtype: float64

