🗓️ 星期 0 分佈：
hour
0     0.042396
1     0.039055
2     0.040553
3     0.034793
4     0.036060
5     0.032949
6     0.029147
7     0.030530
8     0.036175
9     0.033295
10    0.038364
11    0.041359
12    0.051843
13    0.056912
14    0.051152
15    0.044585
16    0.049424
17    0.050000
18    0.051152
19    0.051382
20    0.045507
21    0.037212
22    0.036636
23    0.039516
Name: count, dtype: float64

🗓️ 星期 1 分佈：
hour
0     0.031799
1     0.032904
2     0.036220
3     0.033653
4     0.030088
5     0.033368
6     0.031692
7     0.036648
8     0.037753
9     0.037539
10    0.038680
11    0.041567
12    0.043421
13    0.053724
14    0.052690
15    0.047948
16    0.056397
17    0.059285
18    0.055078
19    0.047342
20    0.048911
21    0.041104
22    0.036790
23    0.035400
Name: count, dtype: float64

🗓️ 星期 2 分佈：
hour
0     0.024098
1     0.031238
2     0.029552
3     0.024792
4     0.025387
5     0.031932
6     0.027965
7     0.034609
8     0.034708
9     0.039568
10    0.040857
11    0.040063
12    0.036692
13    0.052559
14    0.053054
15    0.051468
16    0.047005
17    0.058806
18    0.067632
19    0.050278
20    0.049088
21    0.054046
22    0.040460
23    0.054145
Name: count, dtype: float64

🗓️ 星期 3 分佈：
hour
0     0.040790
1     0.035272
2     0.030511
3     0.033162
4     0.034028
5     0.032351
6     0.034677
7     0.035055
8     0.040519
9     0.038626
10    0.041547
11    0.044847
12    0.042413
13    0.050852
14    0.054855
15    0.054314
16    0.055721
17    0.053773
18    0.046903
19    0.043711
20    0.043928
21    0.041114
22    0.036678
23    0.034352
Name: count, dtype: float64

🗓️ 星期 4 分佈：
hour
0     0.045066
1     0.039510
2     0.040041
3     0.036813
4     0.034688
5     0.030684
6     0.036731
7     0.036977
8     0.035506
9     0.041062
10    0.039959
11    0.046537
12    0.055281
13    0.049928
14    0.049234
15    0.048539
16    0.049724
17    0.042165
18    0.045026
19    0.041593
20    0.044617
21    0.042125
22    0.037794
23    0.030398
Name: count, dtype: float64

🗓️ 星期 5 分佈：
hour
0     0.042768
1     0.038960
2     0.048833
3     0.038296
4     0.035286
5     0.036038
6     0.035640
7     0.039934
8     0.040244
9     0.040776
10    0.046221
11    0.045513
12    0.047771
13    0.047018
14    0.049409
15    0.055430
16    0.049586
17    0.047195
18    0.047771
19    0.037101
20    0.031434
21    0.032895
22    0.033293
23    0.032585
Name: count, dtype: float64

🗓️ 星期 6 分佈：
hour
0     0.022920
1     0.014810
2     0.017278
3     0.015691
4     0.020804
5     0.026269
6     0.022214
7     0.022214
8     0.023977
9     0.030501
10    0.024859
11    0.024683
12    0.028209
13    0.032440
14    0.036671
15    0.073519
16    0.138399
17    0.093794
18    0.072814
19    0.075106
20    0.053773
21    0.049718
22    0.043371
23    0.035966
Name: count, dtype: float64

